11
10 21 22 5
3 23 4 7
11 1 8 15
2 9 14 13

9 16 95 32	
27 97 45 93	
36 90 36 60	
80 53 9 5	

93 61 72 16	
54 74 56 49	
85 77 51 100	
68 13 78 65	

56 76 62 39	
24 11 11 4
87 79 17 64	
92 32 77 31	

4 6 82 80	
18 48 25 79	
58 54 53 89	
97 56 1 57	

6 38 28 7	
84 70 2 86	
72 16 49 33	
42 85 12 63

49 56 47 45	
29 34 68 99	
23 91 23 38	
5 30 95 76	

92 35 81 78	
16 22 31 95	
82 70 98 67	
6 36 13 13	

83 31 45 35	
38 74 41 45
15 40 71 33	
8 85 90 95	

1 38 79 60	
86 92 67 37	
84 94 16 28	
13 56 53 32	

99 84 61 16	
20 18 52 80	
57 23 82 12	
81 11 80 68
